59
57
55
55
65
55
62
53
52
74
56
62
103
52
51
53
58
69
55
75
55
65
56
66
52
62
52
56
56
52
61
61
68
88
53
61
53
51
66
56
319
54
55
52
62
58
55
54
53
55
71
53
73
65
54
53
53
64
55
54
56
66
58
59
56
53
53
53
76
52
54
54
52
57
54
56
59
58
53
63
52
57
62
50
54
55
55
61
54
52
52
56
53
53
56
72
64
76
53
54
80
62
53
53
60
53
55
54
66
53
53
55
51
52
58
54
53
55
70
52
80
52
55
53
52
52
57
61
51
55
52
78
65
59
52
58
55
54
51
54
53
52
53
51
53
53
