52
56
52
49
59
54
48
52
55
53
67
51
58
47
64
58
57
48
56
53
47
53
52
45
64
52
52
51
54
67
47
54
53
53
46
53
53
47
57
65
46
55
53
52
48
52
52
46
52
54
54
48
52
54
47
59
54
52
55
306
52
46
54
58
47
53
54
53
68
55
69
47
52
57
48
58
53
52
57
54
53
51
56
52
56
48
53
53
50
53
52
48
59
54
58
47
54
52
323
52
98
98
47
53
51
46
54
53
48
52
52
51
46
53
51
47
53
52
95
46
54
67
46
57
53
48
54
60
53
49
51
57
47
54
52
54
47
53
52
48
51
85
48
53
52
52
